Box: [1178.0944   521.34576 3155.3953  1501.1519 ], Label: 28, Score: 0.8568304181098938
Box: [ 741.6493   482.75473 3865.351   2519.6719 ], Label: 28, Score: 0.18159468472003937
Box: [1226.5161  517.1233 3140.1016 1509.3217], Label: 38, Score: 0.10796377062797546
Box: [1136.2365  535.7295 3230.7212 1498.1492], Label: 86, Score: 0.06256530433893204
