Box: [1178.8729  526.098  3211.981  1500.136 ], Label: 28, Score: 0.8221173286437988
Box: [ 979.0016   467.36584 3522.0586  2303.4182 ], Label: 28, Score: 0.1018822118639946
Box: [1257.107    522.68646 3161.262   1479.1289 ], Label: 38, Score: 0.10150641947984695
Box: [1242.5201   565.63794 3144.7344  1535.7417 ], Label: 13, Score: 0.051610518246889114
