Box: [1162.5775   536.21735 3201.7222  1492.588  ], Label: 28, Score: 0.8038398027420044
Box: [ 733.5068   479.12524 3909.533   2517.4084 ], Label: 28, Score: 0.12506388127803802
Box: [1167.6431  516.6271 3173.1619 1516.9004], Label: 38, Score: 0.0872592106461525
Box: [1120.3198  578.657  3213.648  1581.8668], Label: 5, Score: 0.052766162902116776
