Box: [1179.3896  525.7164 3172.3533 1495.6213], Label: 28, Score: 0.8103609085083008
Box: [ 735.9613  467.9262 3851.4377 2520.7427], Label: 28, Score: 0.15012601017951965
Box: [1126.4583   531.41956 3204.276   1547.3085 ], Label: 38, Score: 0.09876812249422073
Box: [1096.093   566.2126 3340.364  1592.5994], Label: 5, Score: 0.05384724587202072
