Box: [1182.4268   524.56006 3184.8518  1496.4965 ], Label: 28, Score: 0.8380609750747681
Box: [ 804.5513  573.4884 3450.37   2143.3567], Label: 28, Score: 0.1567651778459549
Box: [1233.2545  521.8227 3172.4663 1504.0076], Label: 38, Score: 0.0982828363776207
Box: [ 584.70953  570.85126 3644.4238  2099.2832 ], Label: 5, Score: 0.0707903802394867
