Box: [1179.539   530.5317 3197.2686 1497.8953], Label: 28, Score: 0.8239861130714417
Box: [ 738.69995  498.1366  3898.9607  2445.3926 ], Label: 28, Score: 0.149149551987648
Box: [1241.7537  528.678  3173.096  1479.0398], Label: 38, Score: 0.09296469390392303
