Box: [1169.4156   531.93805 3184.5757  1497.6694 ], Label: 28, Score: 0.8513379096984863
Box: [ 763.9717   472.35855 3820.0876  2510.168  ], Label: 28, Score: 0.1673751324415207
Box: [1236.5515   522.42883 3148.0886  1489.7372 ], Label: 38, Score: 0.10439635813236237
