Box: [1174.2461  520.5601 3193.4033 1502.5057], Label: 28, Score: 0.8574777841567993
Box: [1266.2003  516.402  3150.0361 1491.343 ], Label: 38, Score: 0.12102449685335159
Box: [ 907.42377  542.5596  3398.5115  2142.805  ], Label: 28, Score: 0.09127429872751236
