Box: [1174.7734  520.1101 3178.5945 1499.6965], Label: 28, Score: 0.8557872176170349
Box: [ 786.6082   492.47458 3829.8774  2430.7537 ], Label: 28, Score: 0.14415840804576874
Box: [1256.9896  518.8885 3152.4114 1488.7556], Label: 38, Score: 0.10975077748298645
