Box: [1170.3645  528.0561 3208.85   1491.9735], Label: 28, Score: 0.8057390451431274
Box: [1184.6173   512.62415 3166.3833  1516.0322 ], Label: 38, Score: 0.09940619021654129
Box: [ 985.4559  535.8715 3745.5442 2243.8435], Label: 28, Score: 0.08751051127910614
Box: [1251.2494  561.5421 3109.8547 1533.6814], Label: 13, Score: 0.06649558246135712
