Box: [1170.2128   535.77747 3204.4565  1494.1586 ], Label: 28, Score: 0.8311936855316162
Box: [1243.0104   525.77386 3162.4355  1475.889  ], Label: 38, Score: 0.09912685304880142
Box: [1004.7348   547.40936 3700.7983  2222.751  ], Label: 28, Score: 0.09616553783416748
Box: [ 379.39645  493.09326 3409.9546  2335.9958 ], Label: 5, Score: 0.05079612508416176
