Box: [1172.6857   521.27246 3165.1316  1494.4174 ], Label: 28, Score: 0.8327773809432983
Box: [1206.5364   583.75073 3177.913   2321.6833 ], Label: 28, Score: 0.26046040654182434
Box: [1241.2327   520.65356 3154.128   1486.3531 ], Label: 38, Score: 0.10993889719247818
