Box: [1169.4926   530.41223 3195.7725  1492.4985 ], Label: 28, Score: 0.7649696469306946
Box: [1214.0472  521.0737 3187.029  1482.1589], Label: 38, Score: 0.08701703697443008
Box: [ 741.25244  373.5414  4053.0862  2562.921  ], Label: 28, Score: 0.07518136501312256
