Box: [1172.1802   521.75635 3211.695   1496.2122 ], Label: 28, Score: 0.7909204959869385
Box: [ 708.36896  466.36688 3889.0483  2518.5674 ], Label: 28, Score: 0.17527998983860016
Box: [1241.222    525.61743 3164.8604  1491.3245 ], Label: 38, Score: 0.09792430698871613
Box: [3517.1777 2574.867  3620.1338 2597.816 ], Label: 16, Score: 0.0693453848361969
