Box: [1171.1936   516.55005 3185.8376  1497.3969 ], Label: 28, Score: 0.8195996284484863
Box: [1122.4325   525.58685 3189.828   1544.7771 ], Label: 38, Score: 0.1334797441959381
Box: [1035.7609  548.3856 3679.6516 2224.1604], Label: 28, Score: 0.10938343405723572
Box: [1078.6724   560.14777 3335.6655  1588.7206 ], Label: 5, Score: 0.06330907344818115
