Box: [1179.962   527.3108 3193.0962 1496.5624], Label: 28, Score: 0.8077633380889893
Box: [1029.1792   544.32166 3724.2292  2240.1313 ], Label: 28, Score: 0.10018173605203629
Box: [1233.8306   523.24097 3184.602   1499.9009 ], Label: 38, Score: 0.0908624529838562
