Box: [1168.1362  514.2158 3180.2764 1497.0647], Label: 28, Score: 0.8225448131561279
Box: [ 830.4793   482.19724 3835.243   2428.5344 ], Label: 28, Score: 0.16110923886299133
Box: [1250.5414   518.61383 3166.1794  1489.2281 ], Label: 38, Score: 0.11051316559314728
