Box: [1176.6731  532.6956 3167.1946 1502.4028], Label: 28, Score: 0.8632599115371704
Box: [1096.4403  516.1606 3696.2551 2107.9814], Label: 28, Score: 0.1328158974647522
Box: [1128.0768  528.9327 3222.4255 1562.8184], Label: 38, Score: 0.1245405375957489
Box: [ 962.05664  553.27246 3879.7468  2113.7043 ], Label: 5, Score: 0.10012190043926239
