Box: [1186.0674  533.9305 3200.2163 1498.9536], Label: 28, Score: 0.8404695987701416
Box: [1225.6019  587.7504 3184.4548 2331.1323], Label: 28, Score: 0.25326260924339294
Box: [1268.1385  521.1639 3164.4277 1474.3955], Label: 38, Score: 0.09334471821784973
