Box: [1174.8066   524.43756 3194.6384  1493.5149 ], Label: 28, Score: 0.8195469975471497
Box: [ 752.64996  479.87338 3865.5952  2499.3394 ], Label: 28, Score: 0.1658085584640503
Box: [1229.6304  517.2635 3174.0688 1497.0046], Label: 38, Score: 0.09606590867042542
Box: [1244.62    562.7031 3144.4827 1536.9564], Label: 13, Score: 0.054511908441782
