Box: [1159.3317  525.5886 3202.829  1500.4323], Label: 28, Score: 0.8167349696159363
Box: [ 739.29755  496.89325 3732.838   2434.926  ], Label: 28, Score: 0.13701772689819336
Box: [1223.1835  522.9341 3154.3457 1490.5491], Label: 38, Score: 0.09626152366399765
