Box: [1164.8229  523.6419 3177.7385 1497.2772], Label: 28, Score: 0.8500722050666809
Box: [ 801.4311   500.27942 3825.098   2429.5732 ], Label: 28, Score: 0.17627212405204773
Box: [1254.8422   520.18634 3139.7253  1490.7373 ], Label: 38, Score: 0.10779191553592682
