Box: [1174.1654  517.7544 3162.538  1500.0936], Label: 28, Score: 0.8318766951560974
Box: [ 835.61255  549.1959  3562.5146  2190.4858 ], Label: 28, Score: 0.11485454440116882
Box: [1208.7979   524.78217 3184.8042  1517.8059 ], Label: 38, Score: 0.09694228321313858
Box: [ 615.816   555.7019 3741.0444 2149.87  ], Label: 5, Score: 0.08396321535110474
