Box: [1164.7738   526.25836 3200.3489  1495.5281 ], Label: 28, Score: 0.7899673581123352
Box: [1236.3857   591.19434 3187.4355  2320.8096 ], Label: 28, Score: 0.1752292811870575
Box: [1234.6616   544.69196 3176.465   1487.346  ], Label: 38, Score: 0.0822196751832962
Box: [1234.3738  569.5856 3097.6072 1601.2576], Label: 13, Score: 0.05838853493332863
