Box: [1187.2653  524.4324 3203.3672 1495.3239], Label: 28, Score: 0.7745166420936584
Box: [ 407.22614  498.9979  3455.6016  2490.4363 ], Label: 28, Score: 0.12252531945705414
Box: [1220.1174  521.5943 3181.027  1508.1321], Label: 38, Score: 0.09140979498624802
Box: [ 618.0367  540.1744 3566.009  2189.5505], Label: 5, Score: 0.0534207746386528
