Box: [1177.5931   527.01495 3155.446   1501.9142 ], Label: 28, Score: 0.8568071126937866
Box: [1208.387   588.1929 3191.3518 2309.9854], Label: 28, Score: 0.30228379368782043
Box: [1224.4152   521.07263 3166.4148  1502.5212 ], Label: 38, Score: 0.10864601284265518
