Box: [1163.1436  516.9545 3194.1333 1496.1217], Label: 28, Score: 0.8058455586433411
Box: [ 499.65723  507.8593  3640.1943  2429.1868 ], Label: 28, Score: 0.12718385457992554
Box: [1228.3143  526.1368 3165.2222 1490.2266], Label: 38, Score: 0.09241614490747452
