Box: [1177.6293   521.24225 3163.1633  1501.0057 ], Label: 28, Score: 0.837384819984436
Box: [ 829.83484  577.116   3539.3198  2125.0984 ], Label: 28, Score: 0.16953885555267334
Box: [ 626.2778  582.1931 3728.4688 2086.5125], Label: 5, Score: 0.08450637757778168
Box: [1190.5159   516.75385 3173.8271  1517.9613 ], Label: 38, Score: 0.07958965003490448
