Box: [1153.8684  527.8192 3200.0784 1500.1469], Label: 28, Score: 0.7893513441085815
Box: [1243.7905  521.6073 3158.2434 1472.4131], Label: 38, Score: 0.10926655679941177
Box: [ 815.8229   548.47546 3406.3184  2121.0715 ], Label: 28, Score: 0.07520435750484467
