Box: [1175.2166  517.9389 3165.7144 1498.2513], Label: 28, Score: 0.8524145483970642
Box: [1191.7305   578.59174 3188.397   2337.6125 ], Label: 28, Score: 0.26750218868255615
Box: [1212.0356  514.1623 3152.487  1524.5563], Label: 38, Score: 0.10293428599834442
