Box: [1175.6332   526.33405 3207.0752  1497.2067 ], Label: 28, Score: 0.8262524604797363
Box: [ 998.1019   470.04376 3569.0657  2315.5288 ], Label: 28, Score: 0.0972399190068245
Box: [1244.7821  520.788  3166.67   1478.7941], Label: 38, Score: 0.09718229621648788
Box: [1263.1234   558.34076 3107.6746  1529.1807 ], Label: 13, Score: 0.05090233311057091
