Box: [1170.7798  516.8796 3173.6536 1499.3729], Label: 28, Score: 0.8505061268806458
Box: [1254.2881  522.3086 3152.534  1481.0844], Label: 38, Score: 0.10440882295370102
Box: [ 778.7788   363.77356 4025.7954  2556.0918 ], Label: 28, Score: 0.0773107260465622
