Box: [1171.6967  524.8992 3165.2998 1498.8638], Label: 28, Score: 0.8366442918777466
Box: [ 770.8262   493.55258 3803.1348  2441.763  ], Label: 28, Score: 0.14997580647468567
Box: [1195.7136  515.4667 3173.1282 1522.2903], Label: 38, Score: 0.08973884582519531
Box: [1135.9019  540.9128 3223.356  1502.6146], Label: 86, Score: 0.05599546432495117
