Box: [1164.8551  516.6397 3192.4502 1490.895 ], Label: 28, Score: 0.7866289615631104
Box: [1229.7576  580.9597 3174.4526 2303.5935], Label: 28, Score: 0.21621330082416534
Box: [1235.7063  543.6721 3198.801  1486.3989], Label: 38, Score: 0.08910422027111053
