Box: [1177.9636  525.5911 3183.0703 1492.1483], Label: 28, Score: 0.7895756959915161
Box: [1221.5299  524.1235 3188.7805 1497.06  ], Label: 38, Score: 0.09976163506507874
Box: [ 976.03156  470.8626  3641.322   2313.1309 ], Label: 28, Score: 0.06899700313806534
Box: [1213.2291   547.58997 3097.7556  1494.9006 ], Label: 13, Score: 0.052536141127347946
