Box: [1167.236    516.00256 3159.1094  1493.5325 ], Label: 28, Score: 0.8180976510047913
Box: [1201.4524  514.7713 3153.6362 1511.6362], Label: 38, Score: 0.10680408775806427
Box: [1011.2551   540.55676 3701.3794  2253.48   ], Label: 28, Score: 0.0935569703578949
