Box: [1165.5452   525.57007 3200.846   1499.3392 ], Label: 28, Score: 0.7983441948890686
Box: [1212.5713  589.0052 3183.4182 2318.2654], Label: 28, Score: 0.27580785751342773
Box: [1174.454    517.85236 3176.4033  1518.765  ], Label: 38, Score: 0.09153904020786285
Box: [ 706.66534  365.7591  3967.3547  2528.8994 ], Label: 28, Score: 0.0531039759516716
