Box: [1173.4688   519.31995 3158.166   1497.8794 ], Label: 28, Score: 0.8421376347541809
Box: [1203.7904  584.4395 3174.6506 2323.2524], Label: 28, Score: 0.24857062101364136
Box: [1178.6183   501.49103 3160.6497  1530.7115 ], Label: 38, Score: 0.09876139461994171
