Box: [1171.697   536.0558 3178.8542 1497.6055], Label: 28, Score: 0.8262887597084045
Box: [1216.9053   587.99005 3194.535   2334.8662 ], Label: 28, Score: 0.24508321285247803
Box: [1237.3751  522.7148 3164.3525 1483.4653], Label: 38, Score: 0.09598103910684586
Box: [1200.2869  545.3879 3263.5935 1545.2896], Label: 86, Score: 0.0610770545899868
