Box: [1171.2555   518.59705 3190.0237  1498.153  ], Label: 28, Score: 0.8337387442588806
Box: [1227.327   520.778  3170.5437 1483.1334], Label: 38, Score: 0.092421755194664
Box: [ 998.8563  456.9048 3611.027  2293.449 ], Label: 28, Score: 0.06054692715406418
