Box: [1156.6573  529.523  3191.3467 1499.075 ], Label: 28, Score: 0.791027307510376
Box: [ 776.3841  497.5397 3894.9553 2438.397 ], Label: 28, Score: 0.14507263898849487
Box: [1241.5579  523.5191 3162.0247 1488.5322], Label: 38, Score: 0.10238112509250641
Box: [ 362.13428  486.50818 3445.4673  2355.6086 ], Label: 5, Score: 0.05025152489542961
