Box: [1167.9685   528.92694 3181.02    1502.3164 ], Label: 28, Score: 0.8715816140174866
Box: [ 805.7256  500.1746 3728.4758 2430.637 ], Label: 28, Score: 0.17679908871650696
Box: [1136.821   529.4508 3170.1138 1527.7656], Label: 38, Score: 0.10826943069696426
