Box: [1171.5813  522.824  3163.4526 1489.8772], Label: 28, Score: 0.8431988954544067
Box: [ 782.53033  500.61237 3814.7046  2422.7783 ], Label: 28, Score: 0.14696267247200012
Box: [1210.7423  515.3931 3169.0066 1497.1304], Label: 38, Score: 0.08808224648237228
